13
0 29 82 46 68 52 72 42 51 55 29 74 11
29 0 55 46 42 43 43 23 23 31 41 51 12
82 55 0 68 46 55 23 43 41 29 79 21 14
46 46 68 0 82 15 72 31 62 42 21 51 18
68 42 46 82 0 74 23 52 21 46 82 58 22
52 43 55 15 74 0 61 23 55 31 33 37 31
72 43 23 72 23 61 0 42 23 31 77 37 24
42 23 43 31 52 23 42 0 33 15 37 33 11
51 23 41 62 21 55 23 33 0 29 62 46 13
55 31 29 42 46 31 31 15 29 0 51 21 16
29 41 79 21 82 33 77 37 62 51 0 65 17
74 51 21 51 58 37 37 33 46 21 65 0 19
55 31 29 42 46 31 31 15 29 10 51 21 0